1	bostock,1,0.47712125471966244,1.138223458526325
1	cool,1,0.47712125471966244,1.138223458526325
1	d3js,1,0.47712125471966244,1.138223458526325
1	document,2,0.0,1.138223458526325
1	made,1,0.47712125471966244,1.138223458526325
1	mike,1,0.47712125471966244,1.138223458526325
3	art,1,0.47712125471966244,2.048802225347385
3	document,1,0.0,2.048802225347385
3	fine,1,0.47712125471966244,2.048802225347385
3	forgetting,1,0.47712125471966244,2.048802225347385
3	hear,1,0.47712125471966244,2.048802225347385
3	heard,1,0.47712125471966244,2.048802225347385
3	laurence,1,0.47712125471966244,2.048802225347385
3	originality,1,0.47712125471966244,2.048802225347385
3	peter,1,0.47712125471966244,2.048802225347385
3	remembering,1,0.47712125471966244,2.048802225347385
